Experiment 1
1000000 1024 0.400 0.000 2.408
1000000 1048576 287.784 275.900 53.599
1000000 128 0.153 0.000 0.569
1000000 131072 36.570 33.900 17.870
1000000 16 0.082 0.000 1.135
1000000 16384 4.572 4.100 2.826
1000000 2 0.092 0.000 0.493
1000000 2048 0.782 1.000 3.638
1000000 256 0.278 0.000 2.141
1000000 262144 73.582 67.900 18.960
1000000 32 0.061 0.000 0.422
1000000 32768 9.244 8.100 6.677
1000000 4 0.095 0.000 0.630
1000000 4096 1.190 1.000 1.365
1000000 512 0.211 0.000 3.652
1000000 524288 143.082 134.000 32.334
1000000 64 0.084 0.000 1.034
1000000 65536 18.039 16.900 6.872
1000000 8 0.093 0.000 0.495
1000000 8192 2.286 2.100 1.999
